190.833461949 -1.16018637961 24.2610058818
353.017640115 -170.387490901 112.712453601
272.132705315 -394.808236378 194.728917004
417.968338963 -329.740543152 249.373512569
438.324933523 -99.1502387159 158.072896295
292.749495238 78.6669546461 67.6829183435
299.546956022 196.385331448 105.677075181
473.713671098 45.5803877614 188.357707628
531.195011349 -173.996368333 284.893653933
453.049857486 -392.450259232 363.535804384
534.475141136 -341.646758206 455.406634283
593.258966016 -119.982530011 372.596057275
537.241618544 98.1901166115 277.586195156
379.37836275 262.691050823 191.335231325
167.866184672 426.536231521 217.982877516
391.320180244 349.133499578 275.624400881
555.643600141 191.108404006 360.02469106
631.299058514 -19.7339322778 454.723586816
604.015594998 -245.17380057 542.374949435
512.638686878 -392.412032961 718.948859238
626.65152267 -189.651638998 650.030829933
647.705500436 35.3734054317 561.64857933
572.389353079 245.069733681 467.358487003
412.935462846 406.447134771 382.196469222
194.996259601 493.068081486 321.190809727

